Assignment, Position_X, Position_Y
3,8.330779056,128.37256
4,8.673696676,122.9755264
6,9.513959974,127.6559809
9,9.141334815,121.6273837
10,7.11191887,108.4228636
12,8.541968694,107.1426985
14,7.657823083,114.1706245
17,9.290466975,121.2831748
18,9.477611451,126.3713894
19,8.98472303,121.1930272
21,8.866179193,121.5817735
23,7.586310852,121.4931175
25,8.961433781,117.0843027
33,7.878075259,130.8592887
35,8.957467135,110.8781258
36,6.819305174,121.7393704
38,8.115042608,125.1627838
39,8.402025423,114.919718
42,8.537301077,122.7065946
43,8.751292242,129.4647582
44,8.999844005,123.3296203
46,8.359854419,127.1904527
49,7.647889799,123.5336332
50,8.898381388,126.3370585
56,8.654268979,128.5984236
69,8.088332657,119.4514195
75,7.941922186,111.6953738
76,8.809051997,122.7814627
77,7.157243751,101.7323884
81,8.925318569,127.1074412
82,9.259815572,124.506794
84,8.444475387,114.5236921
88,8.337744889,124.9257254
90,7.39149548,125.4404171
91,8.384073299,122.559469
92,8.448732267,117.8255529
93,7.480549187,122.0110663
94,7.658571307,117.7376464
95,7.172121604,118.1279134
102,7.731480013,118.4979595
106,7.57670388,110.0684389
111,8.140382915,124.5916103
114,9.186239426,128.8056758
115,8.18200841,114.3202275
118,8.653418588,114.9909885
119,8.590989951,117.760389
120,7.770335867,122.3794776
125,7.530404407,124.8945604
126,8.510784563,129.1735978
127,8.741952365,122.3820033
129,7.302073235,118.3666572
130,7.078605564,123.1441082
131,8.364271102,118.5983787
157,9.542851643,120.5044426
158,8.533855268,117.1912955
159,7.2868604,122.7227821
163,8.465884162,124.3568259
164,8.661066318,119.8209657
165,7.731480013,118.4979595
166,7.731480013,118.4979595
